1	23771.3578	2317848.6529	2312734.2472
2	26650.3264	2277277.6558	2253315.2585
3	14605.834	2439486.4729	2375253.6866
4	53492.6041	2595167.963	2531279.4621
5	18906.2274	2615982.445	2473564.0656
6	14277.4027	2496851.4657	2350249.336
7	31640.9515	2494476.8572	2345360.3293
8	58375.4543	2447307.0605	2314714.4791
9	61782.1754	2422790.095	2287909.2488
10	101821.8716	2426051.5885	2289600.2373
11	245873.5777	2419874.9816	2356962.1719
12	80729.2675	2842629.7074	2564927.2119
13	138403.2327	3149966.6138	2875574.5365
14	424178.1468	3343918.3837	3300696.6397
15	75695.8751	4213333.8125	3802945.6929
16	319462.8225	4369011.4215	4161176.0554
17	187345.7346	4887701.1715	4467256.1088
18	471462.3036	4993851.4542	4713500.6849
19	441072.9758	5380035.5075	4890925.8016
20	434554.4778	5661055.9534	5018595.4916
21	334930.5441	5978507.2173	5093464.7661
22	704998.2567	5841434.1923	5200425.2768
23	78759.7251	6604995.5637	5246347.1719
24	584022.7396	6079567.2532	5058461.3402
25	20352.7177	6587759.3395	4894478.4693
26	715194.5881	5870831.9011	4794471.2262
27	882054.0375	5633102.9037	4631278.5351
28	878276.3059	5476192.5181	4416724.4593
29	1275405.6895	4840005.6155	4173897.2956
30	458648.3529	5353043.0984	3945982.5678
31	1002460.5479	4615510.7503	3824390.9196
32	102658.6107	5266894.4268	3619942.5625
33	1336215.2328	3721451.5293	3356161.7566
34	1176385.2576	3720386.0651	3222008.6315
35	991888.4223	3836711.5655	3184652.6203
36	342857.8477	4382918.637	3148709.6241
37	1017624.1582	3568910.1018	2995264.6389
38	751012.9799	3803728.2735	2915274.6119
39	947584.5297	3659616.6693	2906075.9164
40	77969.3742	4569694.8707	2926075.8291
41	1314878.6753	3380915.0833	2975039.2171
42	333670.1401	4370843.5183	2955763.0143
43	889824.5626	3821500.7361	2885926.16
44	1236475.8495	3455511.9705	2704099.1738
45	1967984.0557	2680163.0344	2535703.2616
46	1345300.9021	3259992.0458	2511665.2332
47	1321138.4686	3193895.8679	2533787.8212
48	66618.8303	4451684.3922	2598817.5296
49	155583.4844	4447255.4749	2642932.1827
50	1115584.9276	3578024.0291	2706807.5675
51	27391.2935	4692139.1656	2799858.813
52	432678.0723	4353685.6751	2932797.635
53	1135696.1341	3717034.9423	3111174.2774
54	774506.3692	3987150.7893	3163500.3675
55	923022.8835	3826731.0532	3262668.229
56	187844.0967	4693694.6803	3475661.7386
57	1017842.2846	3976757.0948	3561362.9157
58	441023.3954	4638498.76	3535947.2812
59	772268.7293	4342346.4847	3512430.9974
60	558160.0651	4608413.6759	3499091.1622
61	615462.929	4547842.1214	3482728.8901
62	553494.7209	4580488.1901	3505336.3363
63	339144.6971	4813277.6064	3458995.9287
64	1054766.8163	4027774.5959	3354727.012
65	333619.5781	4651960.3322	3382433.0155
66	562889.4073	4303798.0205	3393427.7702
67	720086.0098	3970642.3913	3293109.1843
68	68208.3231	4537132.6935	3248974.4899
69	309484.6594	4241053.9072	3241886.6121
70	167929.5687	4271504.5712	3230888.9202
71	478178.5283	3842989.2016	3172562.9491
72	866019.9947	3380753.0097	3125134.2807
73	469802.2305	3740715.8588	3097714.5498
74	725629.5947	3452289.8354	3015218.22
75	165269.5783	4016033.153	3011311.28
76	760430.4766	3329532.9755	2935116.5783
77	31725.296	3968364.9202	2821327.087
78	1127232.424	2864509.6187	2755792.6524
79	883606.2902	3100289.5188	2724458.3952
80	60454.0275	3880704.9754	2721989.2449
81	182772.125	3686955.4498	2680680.7735
82	950326.0409	2986484.8259	2727222.059
83	342750.6535	3743184.1533	2859153.6561
84	756464.4167	3526716.9222	3002683.6217
85	1043337.0591	3574436.6787	3188782.0441
86	800486.1661	4059359.3508	3289105.8159
87	1513464.0707	3528045.0473	3374674
88	310182.6321	5030641.6827	3553404.7545
89	938527.6111	4841748.9864	3848681.6065
90	844314.3819	5390033.7163	4133247.7541
91	947208.8918	5668404.0497	4284808.2929
92	1364631.1843	5367171.1467	4243543.1222
93	549037.49	6083359.361	4118735.0483
94	1392272.6172	5216211.594	4048831.4058
95	208141.1659	6292480.5139	3965860.9841
96	1716341.3944	3571190.7174	3443044.8526
97	1151187.3486	3169571.436	2951569.3684
98	1135916.7014	2867667.4255	2669196.2775
99	887185.4243	2738606.5091	2360398.1923
